0.16525697708129883
0.20493817329406738
0.21505188941955566
0.31619811058044434
0.41216611862182617
0.5578110218048096
0.6404080390930176
0.7690761089324951
0.9226830005645752
1.0651628971099854
0.1618189811706543
0.26200008392333984
0.251802921295166
0.36169004440307617
0.5079889297485352
0.8260259628295898
0.7405400276184082
0.8612709045410156
1.0305330753326416
1.176598072052002
0.15726900100708008
0.2523000240325928
0.26732897758483887
0.33284878730773926
0.5617120265960693
0.6583349704742432
0.6966030597686768
0.8712029457092285
0.984860897064209
1.138247013092041
0.1681678295135498
0.21309900283813477
0.22211694717407227
0.29707789421081543
0.3820180892944336
0.5657210350036621
0.5836689472198486
0.7030019760131836
0.843764066696167
1.012186050415039
0.14096403121948242
0.21996307373046875
0.19102907180786133
0.3269989490509033
0.38396692276000977
0.48099589347839355
0.6700339317321777
1.4140000343322754
0.8990330696105957
1.03200101852417
0.13199996948242188
0.173994779586792
0.19596505165100098
0.26303791999816895
0.42400097846984863
0.47199487686157227
0.5799679756164551
0.7140350341796875
0.859947919845581
0.9769980907440186
0.13416600227355957
0.18390393257141113
0.18386507034301758
0.26400089263916016
0.3729538917541504
0.47390198707580566
0.6338450908660889
0.7165989875793457
0.8539149761199951
0.9940199851989746
0.11571216583251953
0.16154098510742188
0.153533935546875
0.22595500946044922
0.3591790199279785
0.4820590019226074
0.4275789260864258
0.6137959957122803
0.5594561100006104
0.6141939163208008
0.10485506057739258
0.1537938117980957
0.1561279296875
0.20401501655578613
0.26391100883483887
0.3310070037841797
0.4672820568084717
0.48274803161621094
0.5468418598175049
0.5897960662841797
0.1161801815032959
0.156419038772583
0.17849111557006836
0.12266206741333008
0.1570119857788086
0.16138505935668945
0.21282315254211426
0.2622067928314209
0.3363800048828125
0.4032320976257324
0.45511698722839355
0.5203959941864014
0.6105148792266846
0.10276985168457031
0.15468096733093262
0.15285706520080566
0.20484304428100586
0.3023231029510498
0.3290560245513916
0.44292187690734863
0.5251250267028809
0.5509848594665527
0.5926990509033203
